Microsoft Visual Studio Solution File, Format Version 12.00
# Visual Studio Version
VisualStudioVersion = 17.0.31516.378
MinimumVisualStudioVersion = 10.0.40219.1
VisualStudioVersion = 17.0.31516.378
Projects = { 12345678-1234-1234-1234-123456789012 = "Db26MidDemo.WinForms\Db26MidDemo.WinForms.csproj" }
